time n.risk n.event survival std.err lower 95% CI upper 95% CI
    1    103       1    0.991 0.00911       0.9732        1.000
    2    102       3    0.964 0.01837       0.9285        1.000
    3     99       3    0.937 0.02446       0.8899        0.986
    5     96       2    0.918 0.02774       0.8656        0.974
    6     94       2    0.900 0.03064       0.8421        0.962
    8     92       1    0.891 0.03197       0.8305        0.956
    9     91       1    0.882 0.03322       0.8191        0.949
   12     89       1    0.873 0.03441       0.8077        0.943
   16     88       3    0.845 0.03757       0.7740        0.921
   17     85       1    0.835 0.03854       0.7629        0.914
   18     84       1    0.826 0.03943       0.7520        0.907
   21     83       2    0.807 0.04096       0.7307        0.892
   28     81       1    0.798 0.04158       0.7204        0.884
   30     80       1    0.788 0.04216       0.7100        0.876
   32     78       1    0.779 0.04272       0.6995        0.867
   35     77       1    0.769 0.04322       0.6891        0.859
   36     76       1    0.760 0.04370       0.6787        0.850
   37     75       1    0.750 0.04414       0.6684        0.842
   39     74       1    0.740 0.04454       0.6581        0.833
   40     72       2    0.721 0.04533       0.6374        0.816
   43     70       1    0.711 0.04569       0.6272        0.807
   45     69       1    0.702 0.04606       0.6170        0.798
   50     68       1    0.692 0.04640       0.6067        0.789
   51     67       1    0.682 0.04674       0.5966        0.780
   53     66       1    0.673 0.04706       0.5864        0.771
   58     65       1    0.663 0.04738       0.5762        0.763
   61     64       1    0.653 0.04770       0.5660        0.754
   66     63       1    0.643 0.04802       0.5558        0.745
   68     62       2    0.624 0.04867       0.5351        0.727
   69     60       1    0.614 0.04900       0.5246        0.717
   72     59       2    0.594 0.04965       0.5038        0.699
   77     57       1    0.583 0.04998       0.4933        0.690
   78     56       1    0.573 0.05031       0.4826        0.681
   80     55       1    0.563 0.05063       0.4719        0.671
   81     54       1    0.552 0.05095       0.4611        0.662
   85     53       1    0.542 0.05129       0.4502        0.652
   90     52       1    0.531 0.05162       0.4393        0.643
   96     51       1    0.521 0.05195       0.4283        0.633
  100     50       1    0.510 0.05229       0.4171        0.623
  102     49       1    0.499 0.05261       0.4060        0.614
  110     47       1    0.488 0.05296       0.3946        0.604
  149     45       1    0.477 0.05334       0.3831        0.594
  153     44       1    0.466 0.05372       0.3715        0.584
  165     43       1    0.455 0.05409       0.3599        0.574
  186     41       1    0.443 0.05446       0.3484        0.564
  188     40       1    0.432 0.05480       0.3369        0.554
  207     39       1    0.421 0.05511       0.3255        0.544
  219     38       1    0.409 0.05544       0.3140        0.534
  263     37       1    0.398 0.05574       0.3024        0.524
  285     35       2    0.375 0.05630       0.2790        0.503
  308     33       1    0.363 0.05650       0.2675        0.492
  334     32       1    0.351 0.05672       0.2559        0.482
  340     31       1    0.339 0.05688       0.2444        0.471
  343     29       1    0.327 0.05712       0.2323        0.461
  584     21       1    0.310 0.05799       0.2153        0.448
  675     17       1    0.291 0.05916       0.1953        0.433
  733     16       1    0.271 0.06005       0.1754        0.418
  852     14       1    0.248 0.06095       0.1536        0.402
  980     11       1    0.222 0.06191       0.1288        0.384
  996     10       1    0.198 0.06170       0.1071        0.364
 1032      9       1    0.174 0.06053       0.0880        0.344
 1387      6       1    0.147 0.05879       0.0669        0.322
