 time n.risk n.event censored survival std.err lower 95% CI upper 95% CI
    1    103       1        2    0.990 0.00966       0.9715        1.000
    2    102       3        3    0.961 0.01904       0.9246        0.999
    3     99       3        3    0.932 0.02480       0.8847        0.982
    5     96       2        5    0.913 0.02782       0.8597        0.969
    6     94       2        1    0.893 0.03043       0.8355        0.955
    8     92       1        2    0.883 0.03161       0.8237        0.948
    9     91       1        0    0.874 0.03272       0.8119        0.940
   12     89       1        6    0.864 0.03379       0.8002        0.933
   16     88       3        2    0.835 0.03667       0.7656        0.910
   17     85       1        2    0.825 0.03753       0.7543        0.902
   18     84       1        1    0.815 0.03835       0.7431        0.894
   21     83       2        5    0.795 0.03986       0.7208        0.877
   28     81       1        8    0.785 0.04056       0.7098        0.869
   30     80       1        0    0.776 0.04122       0.6989        0.861
   32     78       1        5    0.766 0.04188       0.6878        0.852
   35     77       1        1    0.756 0.04250       0.6769        0.844
   36     76       1        2    0.746 0.04308       0.6659        0.835
   37     75       1        2    0.736 0.04364       0.6551        0.827
   39     74       1        2    0.726 0.04417       0.6443        0.818
   40     72       2        0    0.706 0.04519       0.6225        0.800
   43     70       1        2    0.696 0.04565       0.6117        0.791
   45     69       1        0    0.686 0.04609       0.6009        0.782
   50     68       1        2    0.675 0.04650       0.5902        0.773
   51     67       1        2    0.665 0.04689       0.5796        0.764
   53     66       1        0    0.655 0.04725       0.5690        0.755
   58     65       1        2    0.645 0.04759       0.5584        0.746
   61     64       1        1    0.635 0.04790       0.5479        0.736
   66     63       1        0    0.625 0.04819       0.5374        0.727
   68     62       2        2    0.605 0.04870       0.5166        0.708
   69     60       1        0    0.595 0.04892       0.5063        0.699
   72     59       2        1    0.575 0.04929       0.4857        0.680
   77     57       1        0    0.565 0.04945       0.4755        0.670
   78     56       1        1    0.554 0.04958       0.4654        0.661
   80     55       1        0    0.544 0.04970       0.4552        0.651
   81     54       1        0    0.534 0.04979       0.4451        0.641
   85     53       1        2    0.524 0.04986       0.4351        0.632
   90     52       1        0    0.514 0.04991       0.4251        0.622
   96     51       1        1    0.504 0.04994       0.4151        0.612
  100     50       1        0    0.494 0.04995       0.4052        0.602
  102     49       1        0    0.484 0.04993       0.3953        0.592
  110     47       1        1    0.474 0.04992       0.3852        0.582
  149     45       1        2    0.463 0.04991       0.3749        0.572
  153     44       1        0    0.453 0.04987       0.3647        0.562
  165     43       1        1    0.442 0.04981       0.3545        0.551
  186     41       1        1    0.431 0.04975       0.3440        0.541
  188     40       1        0    0.420 0.04966       0.3336        0.530
  207     39       1        0    0.410 0.04954       0.3233        0.519
  219     38       1        1    0.399 0.04940       0.3130        0.509
  263     37       1        0    0.388 0.04923       0.3027        0.498
  285     35       2        1    0.366 0.04885       0.2817        0.475
  308     33       1        0    0.355 0.04861       0.2713        0.464
  334     32       1        1    0.344 0.04834       0.2610        0.453
  340     31       1        1    0.333 0.04804       0.2507        0.442
  343     29       1        0    0.321 0.04773       0.2401        0.430
  584     21       1        7    0.306 0.04785       0.2252        0.416
  675     17       1        3    0.288 0.04830       0.2073        0.400
  733     16       1        0    0.270 0.04852       0.1898        0.384
  852     14       1        1    0.251 0.04873       0.1712        0.367
  980     11       1        2    0.228 0.04934       0.1491        0.348
  996     10       1        0    0.205 0.04939       0.1279        0.329
 1032      9       1        0    0.182 0.04888       0.1078        0.308
 1387      6       1        2    0.152 0.04928       0.0804        0.287
